37
6
33
9
98
98
22
71
43
96
67
68
73
62
80
47
19
48
8
64
92
55
66
2
75
71
1
100
22
84
65
14
43
26
67
4
43
50
27
35
74
65
90
4
92
26
21
47
12
70
99
4
19
30
74
7
55
73
39
11
93
35
30
98
2
63
35
89
9
96
29
45
8
27
30
57
36
31
84
33
74
28
82
62
69
69
13
97
60
22
34
55
70
65
48
19
59
80
81
60
49
66
23
20
18
9
24
35
48
32
34
36
26
34
51
56
47
79
47
94
30
17
89
92
99
87
38
48
23
98
46
10
45
35
56
84
83
23
39
92
65
68
76
30
79
45
13
42
4
67
11
88
10
82
39
32
53
89
74
31
79
60
89
41
23
92
31
25
56
52
56
40
31
33
19
79
94
25
89
15
46
28
15
88
47
19
33
49
71
16
62
99
20
14
8
5
40
96
91
77
20
16
19
68
91
35
51
98
79
84
81
52
80
63
59
27
8
89
40
10
39
39
27
19
32
74
72
97
28
69
87
62
17
37
8
88
62
14
72
30
51
44
84
26
10
29
67
26
13
64
82
38
57
26
2
71
48
52
49
30
4
12
96
46
16
59
13
79
16
81
73
91
86
61
48
18
81
87
45
51
77
41
29
47
81
78
35
21
46
91
67
24
67
8
21
50
12
78
96
52
86
68
25
91
58
35
99
51
29
85
6
16
34
77
48
71
54
4
77
35
40
13
32
97
10
36
90
77
85
91
67
53
54
91
4
72
13
10
39
11
24
48
68
88
30
43
43
43
98
47
82
94
59
14
33
5
14
25
30
44
14
96
40
48
95
47
26
30
60
51
63
45
24
62
27
91
2
13
47
74
18
12
88
7
39
23
38
34
98
24
83
75
1
26
87
21
71
74
12
73
26
9
47
82
75
35
37
20
75
13
85
80
42
19
65
91
13
80
72
4
88
62
93
46
18
42
46
43
83
42
94
90
97
76
13
27
73
15
68
80
6
27
82
79
21
88
60
73
22
33
7
7
53
12
3
85
52
34
86
99
5
73
82
48
92
66
30
13
67
74
3
59
70
72
29
73
37
73
29
61
96
87
41
89
77
38
56
15
66
56
64
91
34
71
64
5
79
9
59
79
