51
50
83
26
2
13
92
86
24
13
9
40
63
89
24
97
96
68
88
8
56
6
18
84
9
75
40
6
88
23
87
55
55
34
61
67
53
17
89
86
53
95
3
34
58
35
24
100
75
28
57
41
36
77
51
30
11
58
81
69
50
28
77
24
68
89
52
39
71
58
98
56
71
27
63
84
28
34
39
51
60
17
1
18
64
35
42
89
58
48
74
19
3
48
25
85
90
50
34
72
32
20
31
65
100
33
23
27
52
85
59
37
25
96
99
48
69
66
20
42
74
85
45
68
30
32
91
50
17
68
53
70
36
75
2
49
52
83
56
71
7
67
33
79
85
23
75
34
7
23
57
53
93
88
88
32
44
99
8
51
6
52
75
22
10
23
6
85
61
41
5
70
73
73
100
55
55
45
67
9
54
17
69
46
94
93
99
42
82
78
54
58
44
68
35
62
87
35
73
8
77
36
74
32
35
69
51
54
35
10
71
100
55
72
73
71
96
90
22
84
55
28
44
26
4
85
36
67
38
72
44
22
54
77
94
81
53
6
13
35
45
11
11
53
18
85
12
34
8
20
12
60
88
87
65
96
37
72
83
10
75
95
63
82
1
44
36
8
66
51
93
97
10
16
7
15
71
65
88
71
80
95
25
72
17
26
47
86
46
60
24
57
83
2
68
28
60
46
24
29
14
76
16
21
15
35
86
15
23
80
13
21
44
15
35
61
98
88
13
60
96
18
7
35
67
4
58
74
65
82
23
79
7
96
40
81
15
2
39
7
31
1
29
99
45
25
82
20
63
53
16
2
47
36
58
84
40
31
31
78
81
76
87
42
25
37
4
62
41
83
40
17
50
94
7
36
2
56
85
6
35
56
15
83
40
58
37
17
28
13
76
39
11
49
41
86
40
73
27
64
60
6
9
20
80
43
42
13
33
97
73
87
36
78
69
7
95
95
49
73
81
18
91
14
62
30
65
57
59
56
34
89
60
44
18
89
84
81
61
41
78
9
80
78
4
71
80
32
77
37
13
28
32
87
22
48
8
28
46
75
7
21
38
54
100
78
91
36
45
29
84
57
34
88
26
13
13
81
92
38
39
92
2
19
57
9
12
41
87
3
98
50
51
70
51
3
11
43
10
58
